146,4
146,3
146,2
146,1
146,0
145,3
145,2
145,1
145,0
144,5
144,4
144,3
144,2
144,1
144,0
143,4
143,3
143,2
143,1
143,0
142,3
142,2
142,1
142,0
141,3
141,2
141,1
141,0
140,5
140,4
140,3
140,2
140,1
140,0
139,3
139,2
139,1
139,0
130,35
138,4
138,3
138,2
138,1
138,0
137,3
137,2
137,1
137,0
136,5
136,4
136,3
136,2
136,1
136,0
135,4
135,3
135,2
135,1
135,0
134,3
134,2
134,1
134,0
133,3
133,2
133,1
133,0
132,5
132,4
132,3
132,2
132,1
132,0
131,3
131,2
131,1
131,0
0,278
0,9
0,273
0,270
3,2
3,1
3,3
10,139
10,293
10,19
10,89
10,243
10,17
10,215
10,1
10,177
10,2
10,3
11,21
11,25
11,24
11,17
11,7
11,1
11,15
11,2
11,3
9,5
9,1
9,7
9,2
9,3
8,13
8,10
8,15
8,7
8,5
8,1
8,14
8,2
8,3
12,2
12,1
12,3
20,2
20,1
20,3
19,2
